g       = 9.81;
m_veh   = 180;
Crr     = 0.013;
Cd      = 1.0;
A       = 0.8;
rho     = 1.2;
r_wheel = 0.278;
E_batt  = 3700;
Wh_per_J = 1/3600;
km_per_m = 0.001;
